------------------------------------------------------------------------------------------------------------
      name:  <unnamed>
       log:  C:\Users\chansen1\Documents\GitHub\ML_SocSci_short\Stata Code\401kHDLMs.txt
  log type:  text
 opened on:  15 Jun 2026, 18:12:54

. 
. clear all

.  
. use "..\Data\sipp1991.dta", clear /* Load data. Assumes I am in my code subfolder */

. 
. *** Set seed for reproducibility
. set seed 71423

. 
. *** Split data into a training (~80%) and test (~20%) set
. gen trdata = runiform()

. replace trdata = trdata < .8
(9,915 real changes made)

. 
. * Sample sizes
. count if trdata
  7,854

. count if !trdata
  2,061

. 
. * Normalize inc,age,fsize,educ 
. replace age = age/64
variable age was byte now float
(9,915 real changes made)

. replace inc = inc/250000
(9,912 real changes made)

. replace fsize = fsize/13
variable fsize was byte now float
(9,915 real changes made)

. replace educ = educ/18
variable educ was byte now float
(9,915 real changes made)

. 
. * Create polynomials
. forvalues i = 2/6 {
  2.         gen age`i' = age^`i' 
  3. }

. 
. forvalues i = 2/8 {
  2.         gen inc`i' = inc^`i'
  3. }

. 
. forvalues i = 2/4 {
  2.         gen educ`i' = educ^`i'
  3. }

. 
. gen fsize2 = fsize^2

. 
. **********************************************************************
. *** Linear models in training data
. * Baseline
. qui reg net_tfa e401 age inc educ fsize marr twoearn db pira hown if trdata

. display "Base number of variables: " e(df_m)
Base number of variables: 10

. predict yhat_ols_base   
(option xb assumed; fitted values)

.         
. * Polynomial
. qui reg net_tfa e401 age age2 age3 age4 age5 age6 inc inc2 inc3 inc4 inc5 ///
>         inc6 inc7 inc8 educ educ2 educ3 educ4 fsize fsize2 marr twoearn db pira hown ///
>         if trdata

. display "Base number of variables: " e(df_m)
Base number of variables: 25

. predict yhat_ols_poly   
(option xb assumed; fitted values)

. 
. * Interacted
. qui reg net_tfa /// 
>         c.(e401 age age2 age3 age4 age5 age6 inc inc2 inc3 inc4 inc5 inc6 inc7 ///
>         inc8 educ educ2 educ3 educ4 fsize fsize2 marr twoearn db pira hown)## ///
>         c.(e401 age age2 age3 age4 age5 age6 inc inc2 inc3 inc4 inc5 inc6 inc7 ///
>         inc8 educ educ2 educ3 educ4 fsize fsize2 marr twoearn db pira hown) ///
>         if trdata

. display "Base number of variables: " e(df_m)
Base number of variables: 257

. predict yhat_ols_int    
(option xb assumed; fitted values)

.         
. ************************************************************************
. *** Spaghetti plot for lasso in polynomial model
. lasso2 net_tfa e401 age age2 age3 age4 age5 age6 inc inc2 inc3 inc4 inc5 ///
>         inc6 inc7 inc8 educ educ2 educ3 educ4 fsize fsize2 marr twoearn db pira hown ///
>         if trdata, plotpath(lambda) plotopt(legend(off) ylabel(none)) ///
>         lambda(30010(250)10) lglmnet  /* lglmnet option makes lambda on same scale as glmnet */

  Knot|  ID     Lambda    s      L1-Norm        EBIC     R-sq   | Action
------+---------------------------------------------------------+---------------
     1|   1  3.001e+04     0     0.00000   1.7301e+05   0.0000  | Added _cons.
     2|   5  2.901e+04     1  7394.54993   1.7299e+05   0.0031  | Added inc3.
     3|  47  1.851e+04     2   3.999e+05   1.7185e+05   0.1388  | Added pira.
     4|  54  1.676e+04     3   4.586e+05   1.7161e+05   0.1658  | Added inc4.
     5|  83 9510.00000     4   8.563e+05   1.7073e+05   0.2545  | Added age3.
     6|  86 8760.00000     5   9.042e+05   1.7065e+05   0.2635  | Added inc2.
     7|  90 7760.00000     4   9.872e+05   1.7051e+05   0.2755  | Removed inc3.
     8|  95 6510.00000     5   1.057e+06   1.7039e+05   0.2870  | Added inc5.
     9|  99 5510.00000     6   1.154e+06   1.7030e+05   0.2959  | Added inc.
    10| 100 5260.00000     7   1.177e+06   1.7029e+05   0.2979  | Added age4.
    11| 104 4260.00000     8   1.270e+06   1.7022e+05   0.3052  | Added e401.
    12| 106 3760.00000     9   1.317e+06   1.7018e+05   0.3094  | Added twoearn.
    13| 110 2760.00000     9   1.416e+06   1.7006e+05   0.3195  | Added hown. Removed age3.
    14| 113 2010.00000     9   1.490e+06   1.7000e+05   0.3253  | Added age5. Removed inc4.
    15| 118  760.00000    11   1.601e+06   1.6995e+05   0.3311  | Added educ4 db.
    16| 119  510.00000    12   1.626e+06   1.6995e+05   0.3318  | Added fsize2.
    17| 120  260.00000    14   1.654e+06   1.6996e+05   0.3323  | Added age6 marr.
    18| 121   10.00000    20   1.827e+07   1.6996e+05   0.3366  | Added age2 age3 inc3 inc4 inc6 inc8 educ
      |                                                         | educ2 fsize. Removed age4 age5 inc5.
Use long option for full output.
Type e.g. lasso2, lic(ebic) to run the model selected by EBIC.

. graph export ..\Slides\figures\Stata_lassoSpaghetti.png , replace
file ..\Slides\figures\Stata_lassoSpaghetti.png saved as PNG format

. graph close

. 
. ****************************************************************************
. *** Cross-validation for Lasso
. * Use 5-fold CV here
. 
. *** Baseline model
. * Lasso
. * Seed option controls the randomized split into folds (replicable).
. * Last option saves the fold variable as fvar for use all the way along
. cvlasso net_tfa e401 age inc educ fsize marr twoearn db pira hown if trdata, ///
>         lglmnet nfolds(5) seed(718) savefoldvar(fvar)   
Fold variable saved in fvar.

K-fold cross-validation with 5 folds. Elastic net with alpha=1.
Fold 1 2 3 4 5 
          |         Lambda           MSPE       st. dev.
----------+---------------------------------------------
         1|      24339.432      3.478e+09      6.640e+08  
         2|      22177.184      3.391e+09      6.562e+08  
         3|      20207.024      3.313e+09      6.482e+08  ^
         4|      18411.888      3.248e+09      6.410e+08  
         5|      16776.226      3.195e+09      6.345e+08  
         6|      15285.873      3.150e+09      6.287e+08  
         7|      13927.918      3.113e+09      6.234e+08  
         8|        12690.6      3.082e+09      6.188e+08  
         9|      11563.202      3.051e+09      6.153e+08  
        10|      10535.959      3.022e+09      6.113e+08  
        11|      9599.9736      2.997e+09      6.071e+08  
        12|      8747.1384      2.976e+09      6.034e+08  
        13|      7970.0667      2.959e+09      6.000e+08  
        14|       7262.028      2.942e+09      5.984e+08  
        15|      6616.8894      2.926e+09      5.964e+08  
        16|      6029.0632      2.906e+09      5.920e+08  
        17|      5493.4578      2.889e+09      5.878e+08  
        18|      5005.4342      2.875e+09      5.839e+08  
        19|      4560.7652      2.863e+09      5.805e+08  
        20|      4155.5994      2.854e+09      5.773e+08  
        21|      3786.4274      2.846e+09      5.744e+08  
        22|      3450.0516      2.839e+09      5.718e+08  
        23|      3143.5585      2.834e+09      5.695e+08  
        24|      2864.2935      2.829e+09      5.673e+08  
        25|      2609.8375      2.826e+09      5.654e+08  
        26|      2377.9868      2.823e+09      5.636e+08  
        27|       2166.733      2.820e+09      5.620e+08  
        28|      1974.2464      2.818e+09      5.605e+08  
        29|      1798.8598      2.816e+09      5.592e+08  
        30|       1639.054      2.815e+09      5.580e+08  
        31|       1493.445      2.813e+09      5.570e+08  
        32|      1360.7715      2.812e+09      5.560e+08  
        33|      1239.8843      2.810e+09      5.551e+08  
        34|      1129.7364      2.809e+09      5.541e+08  
        35|      1029.3737      2.808e+09      5.533e+08  
        36|      937.92698      2.807e+09      5.525e+08  
        37|      854.60413      2.806e+09      5.518e+08  
        38|      778.68346      2.806e+09      5.511e+08  
        39|      709.50736      2.805e+09      5.504e+08  
        40|      646.47668      2.805e+09      5.498e+08  
        41|      589.04548      2.804e+09      5.492e+08  
        42|       536.7163      2.804e+09      5.487e+08  
        43|       489.0359      2.804e+09      5.482e+08  
        44|       445.5913      2.803e+09      5.477e+08  
        45|       406.0062      2.803e+09      5.473e+08  
        46|      369.93773      2.803e+09      5.470e+08  
        47|      337.07348      2.803e+09      5.467e+08  
        48|       307.1288      2.803e+09      5.464e+08  
        49|      279.84432      2.803e+09      5.461e+08  
        50|      254.98373      2.803e+09      5.459e+08  
        51|      232.33167      2.802e+09      5.457e+08  
        52|      211.69197      2.802e+09      5.455e+08  
        53|      192.88584      2.802e+09      5.453e+08  
        54|      175.75039      2.802e+09      5.452e+08  
        55|      160.13721      2.802e+09      5.450e+08  
        56|      145.91106      2.802e+09      5.449e+08  
        57|      132.94873      2.802e+09      5.448e+08  
        58|      121.13793      2.802e+09      5.447e+08  
        59|      110.37637      2.802e+09      5.446e+08  
        60|      100.57084      2.802e+09      5.445e+08  
        61|        91.6364      2.802e+09      5.444e+08  
        62|      83.495675      2.802e+09      5.443e+08  
        63|      76.078149      2.802e+09      5.443e+08  *
        64|      69.319576      2.802e+09      5.442e+08  
        65|      63.161416      2.802e+09      5.442e+08  
        66|       57.55033      2.802e+09      5.441e+08  
        67|      52.437717      2.802e+09      5.441e+08  
        68|      47.779295      2.802e+09      5.440e+08  
        69|      43.534714      2.802e+09      5.440e+08  
        70|       39.66721      2.802e+09      5.440e+08  
        71|      36.143284      2.802e+09      5.439e+08  
        72|      32.932415      2.802e+09      5.439e+08  
        73|       30.00679      2.802e+09      5.439e+08  
        74|      27.341069      2.802e+09      5.438e+08  
        75|      24.912164      2.802e+09      5.438e+08  
        76|      22.699036      2.802e+09      5.438e+08  
        77|      20.682516      2.802e+09      5.438e+08  
        78|      18.845138      2.802e+09      5.438e+08  
        79|      17.170988      2.802e+09      5.438e+08  
        80|      15.645565      2.802e+09      5.437e+08  
        81|      14.255656      2.802e+09      5.437e+08  
        82|      12.989223      2.802e+09      5.437e+08  
        83|      11.835296      2.802e+09      5.437e+08  
        84|      10.783881      2.802e+09      5.437e+08  
        85|      9.8258708      2.802e+09      5.437e+08  
        86|      8.9529675      2.802e+09      5.437e+08  
        87|      8.1576105      2.802e+09      5.437e+08  
        88|      7.4329109      2.802e+09      5.437e+08  
        89|      6.7725916      2.802e+09      5.437e+08  
        90|      6.1709332      2.802e+09      5.437e+08  
        91|      5.6227245      2.802e+09      5.437e+08  
        92|      5.1232172      2.802e+09      5.437e+08  
        93|      4.6680847      2.802e+09      5.437e+08  
        94|      4.2533849      2.802e+09      5.437e+08  
        95|      3.8755259      2.802e+09      5.436e+08  
        96|      3.5312349      2.802e+09      5.436e+08  
        97|      3.2175297      2.802e+09      5.436e+08  
        98|      2.9316932      2.802e+09      5.436e+08  
        99|      2.6712497      2.802e+09      5.436e+08  
       100|      2.4339432      2.802e+09      5.436e+08  
* lopt = the lambda that minimizes MSPE.
  Run model: cvlasso, lopt
^ lse = largest lambda for which MSPE is within one standard error of the minimal MSPE.
  Run model: cvlasso, lse

. * When you run this - you get that the optimal lambda is at the end of the range.
. * Try again with a longer lambda sequence
. cvlasso net_tfa e401 age inc educ fsize marr twoearn db pira hown if trdata, ///
>         lglmnet foldvar(fvar) lambda(24010(50)10) 
Use user-specified fold variable.

K-fold cross-validation with 5 folds. Elastic net with alpha=1.
Fold 1 2 3 4 5 
          |         Lambda           MSPE       st. dev.
----------+---------------------------------------------
         1|          24010      3.466e+09      6.630e+08  
         2|          23960      3.464e+09      6.629e+08  
         3|          23910      3.462e+09      6.627e+08  
         4|          23860      3.461e+09      6.626e+08  
         5|          23810      3.459e+09      6.624e+08  
         6|          23760      3.457e+09      6.623e+08  
         7|          23710      3.455e+09      6.621e+08  
         8|          23660      3.453e+09      6.619e+08  
         9|          23610      3.451e+09      6.618e+08  
        10|          23560      3.449e+09      6.617e+08  
        11|          23510      3.447e+09      6.616e+08  
        12|          23460      3.445e+09      6.614e+08  
        13|          23410      3.443e+09      6.613e+08  
        14|          23360      3.441e+09      6.611e+08  
        15|          23310      3.439e+09      6.609e+08  
        16|          23260      3.437e+09      6.607e+08  
        17|          23210      3.435e+09      6.605e+08  
        18|          23160      3.432e+09      6.603e+08  
        19|          23110      3.430e+09      6.601e+08  
        20|          23060      3.428e+09      6.599e+08  
        21|          23010      3.426e+09      6.597e+08  
        22|          22960      3.424e+09      6.595e+08  
        23|          22910      3.422e+09      6.593e+08  
        24|          22860      3.420e+09      6.591e+08  
        25|          22810      3.417e+09      6.588e+08  
        26|          22760      3.415e+09      6.586e+08  
        27|          22710      3.413e+09      6.584e+08  
        28|          22660      3.411e+09      6.582e+08  
        29|          22610      3.409e+09      6.580e+08  
        30|          22560      3.407e+09      6.578e+08  
        31|          22510      3.405e+09      6.576e+08  
        32|          22460      3.403e+09      6.574e+08  
        33|          22410      3.401e+09      6.572e+08  
        34|          22360      3.398e+09      6.570e+08  
        35|          22310      3.396e+09      6.568e+08  
        36|          22260      3.394e+09      6.566e+08  
        37|          22210      3.392e+09      6.564e+08  
        38|          22160      3.390e+09      6.562e+08  
        39|          22110      3.388e+09      6.560e+08  
        40|          22060      3.386e+09      6.558e+08  
        41|          22010      3.384e+09      6.556e+08  
        42|          21960      3.382e+09      6.554e+08  
        43|          21910      3.380e+09      6.552e+08  
        44|          21860      3.378e+09      6.549e+08  
        45|          21810      3.376e+09      6.547e+08  
        46|          21760      3.374e+09      6.545e+08  
        47|          21710      3.372e+09      6.543e+08  
        48|          21660      3.370e+09      6.541e+08  
        49|          21610      3.368e+09      6.539e+08  
        50|          21560      3.366e+09      6.537e+08  
        51|          21510      3.364e+09      6.535e+08  
        52|          21460      3.362e+09      6.533e+08  
        53|          21410      3.360e+09      6.531e+08  
        54|          21360      3.358e+09      6.529e+08  
        55|          21310      3.356e+09      6.527e+08  
        56|          21260      3.354e+09      6.525e+08  
        57|          21210      3.352e+09      6.523e+08  
        58|          21160      3.350e+09      6.521e+08  
        59|          21110      3.348e+09      6.519e+08  
        60|          21060      3.346e+09      6.517e+08  ^
        61|          21010      3.344e+09      6.515e+08  
        62|          20960      3.342e+09      6.513e+08  
        63|          20910      3.340e+09      6.511e+08  
        64|          20860      3.338e+09      6.509e+08  
        65|          20810      3.336e+09      6.507e+08  
        66|          20760      3.334e+09      6.505e+08  
        67|          20710      3.332e+09      6.503e+08  
        68|          20660      3.330e+09      6.501e+08  
        69|          20610      3.328e+09      6.499e+08  
        70|          20560      3.326e+09      6.497e+08  
        71|          20510      3.325e+09      6.495e+08  
        72|          20460      3.323e+09      6.492e+08  
        73|          20410      3.321e+09      6.490e+08  
        74|          20360      3.319e+09      6.488e+08  
        75|          20310      3.317e+09      6.486e+08  
        76|          20260      3.315e+09      6.484e+08  
        77|          20210      3.313e+09      6.482e+08  
        78|          20160      3.311e+09      6.480e+08  
        79|          20110      3.309e+09      6.478e+08  
        80|          20060      3.308e+09      6.476e+08  
        81|          20010      3.306e+09      6.474e+08  
        82|          19960      3.304e+09      6.472e+08  
        83|          19910      3.302e+09      6.470e+08  
        84|          19860      3.300e+09      6.468e+08  
        85|          19810      3.298e+09      6.466e+08  
        86|          19760      3.296e+09      6.464e+08  
        87|          19710      3.295e+09      6.462e+08  
        88|          19660      3.293e+09      6.460e+08  
        89|          19610      3.291e+09      6.458e+08  
        90|          19560      3.289e+09      6.456e+08  
        91|          19510      3.287e+09      6.454e+08  
        92|          19460      3.285e+09      6.452e+08  
        93|          19410      3.284e+09      6.450e+08  
        94|          19360      3.282e+09      6.448e+08  
        95|          19310      3.280e+09      6.446e+08  
        96|          19260      3.278e+09      6.444e+08  
        97|          19210      3.276e+09      6.442e+08  
        98|          19160      3.275e+09      6.440e+08  
        99|          19110      3.273e+09      6.438e+08  
       100|          19060      3.271e+09      6.436e+08  
       101|          19010      3.269e+09      6.434e+08  
       102|          18960      3.268e+09      6.432e+08  
       103|          18910      3.266e+09      6.430e+08  
       104|          18860      3.264e+09      6.428e+08  
       105|          18810      3.262e+09      6.426e+08  
       106|          18760      3.260e+09      6.424e+08  
       107|          18710      3.259e+09      6.422e+08  
       108|          18660      3.257e+09      6.420e+08  
       109|          18610      3.255e+09      6.418e+08  
       110|          18560      3.254e+09      6.416e+08  
       111|          18510      3.252e+09      6.414e+08  
       112|          18460      3.250e+09      6.412e+08  
       113|          18410      3.248e+09      6.410e+08  
       114|          18360      3.247e+09      6.408e+08  
       115|          18310      3.245e+09      6.406e+08  
       116|          18260      3.243e+09      6.404e+08  
       117|          18210      3.242e+09      6.402e+08  
       118|          18160      3.240e+09      6.400e+08  
       119|          18110      3.238e+09      6.398e+08  
       120|          18060      3.236e+09      6.396e+08  
       121|          18010      3.235e+09      6.394e+08  
       122|          17960      3.233e+09      6.392e+08  
       123|          17910      3.231e+09      6.390e+08  
       124|          17860      3.230e+09      6.388e+08  
       125|          17810      3.228e+09      6.386e+08  
       126|          17760      3.226e+09      6.384e+08  
       127|          17710      3.225e+09      6.382e+08  
       128|          17660      3.223e+09      6.380e+08  
       129|          17610      3.221e+09      6.378e+08  
       130|          17560      3.220e+09      6.376e+08  
       131|          17510      3.218e+09      6.374e+08  
       132|          17460      3.217e+09      6.372e+08  
       133|          17410      3.215e+09      6.370e+08  
       134|          17360      3.213e+09      6.368e+08  
       135|          17310      3.212e+09      6.366e+08  
       136|          17260      3.210e+09      6.364e+08  
       137|          17210      3.208e+09      6.362e+08  
       138|          17160      3.207e+09      6.360e+08  
       139|          17110      3.205e+09      6.358e+08  
       140|          17060      3.204e+09      6.356e+08  
       141|          17010      3.202e+09      6.354e+08  
       142|          16960      3.201e+09      6.352e+08  
       143|          16910      3.199e+09      6.350e+08  
       144|          16860      3.197e+09      6.349e+08  
       145|          16810      3.196e+09      6.347e+08  
       146|          16760      3.194e+09      6.345e+08  
       147|          16710      3.193e+09      6.343e+08  
       148|          16660      3.191e+09      6.341e+08  
       149|          16610      3.190e+09      6.339e+08  
       150|          16560      3.188e+09      6.337e+08  
       151|          16510      3.186e+09      6.335e+08  
       152|          16460      3.185e+09      6.333e+08  
       153|          16410      3.183e+09      6.331e+08  
       154|          16360      3.182e+09      6.329e+08  
       155|          16310      3.180e+09      6.327e+08  
       156|          16260      3.179e+09      6.325e+08  
       157|          16210      3.177e+09      6.323e+08  
       158|          16160      3.176e+09      6.321e+08  
       159|          16110      3.174e+09      6.319e+08  
       160|          16060      3.173e+09      6.317e+08  
       161|          16010      3.171e+09      6.315e+08  
       162|          15960      3.170e+09      6.313e+08  
       163|          15910      3.168e+09      6.311e+08  
       164|          15860      3.167e+09      6.309e+08  
       165|          15810      3.165e+09      6.307e+08  
       166|          15760      3.164e+09      6.305e+08  
       167|          15710      3.162e+09      6.303e+08  
       168|          15660      3.161e+09      6.301e+08  
       169|          15610      3.160e+09      6.299e+08  
       170|          15560      3.158e+09      6.297e+08  
       171|          15510      3.157e+09      6.296e+08  
       172|          15460      3.155e+09      6.294e+08  
       173|          15410      3.154e+09      6.292e+08  
       174|          15360      3.152e+09      6.290e+08  
       175|          15310      3.151e+09      6.288e+08  
       176|          15260      3.149e+09      6.286e+08  
       177|          15210      3.148e+09      6.284e+08  
       178|          15160      3.147e+09      6.282e+08  
       179|          15110      3.145e+09      6.280e+08  
       180|          15060      3.144e+09      6.278e+08  
       181|          15010      3.142e+09      6.276e+08  
       182|          14960      3.141e+09      6.274e+08  
       183|          14910      3.140e+09      6.272e+08  
       184|          14860      3.138e+09      6.270e+08  
       185|          14810      3.137e+09      6.268e+08  
       186|          14760      3.135e+09      6.266e+08  
       187|          14710      3.134e+09      6.264e+08  
       188|          14660      3.133e+09      6.262e+08  
       189|          14610      3.131e+09      6.260e+08  
       190|          14560      3.130e+09      6.259e+08  
       191|          14510      3.129e+09      6.257e+08  
       192|          14460      3.127e+09      6.255e+08  
       193|          14410      3.126e+09      6.253e+08  
       194|          14360      3.125e+09      6.251e+08  
       195|          14310      3.123e+09      6.249e+08  
       196|          14260      3.122e+09      6.247e+08  
       197|          14210      3.121e+09      6.245e+08  
       198|          14160      3.119e+09      6.243e+08  
       199|          14110      3.118e+09      6.241e+08  
       200|          14060      3.117e+09      6.239e+08  
       201|          14010      3.115e+09      6.237e+08  
       202|          13960      3.114e+09      6.235e+08  
       203|          13910      3.113e+09      6.233e+08  
       204|          13860      3.111e+09      6.231e+08  
       205|          13810      3.110e+09      6.229e+08  
       206|          13760      3.109e+09      6.228e+08  
       207|          13710      3.108e+09      6.226e+08  
       208|          13660      3.106e+09      6.224e+08  
       209|          13610      3.105e+09      6.222e+08  
       210|          13560      3.104e+09      6.220e+08  
       211|          13510      3.102e+09      6.218e+08  
       212|          13460      3.101e+09      6.216e+08  
       213|          13410      3.100e+09      6.214e+08  
       214|          13360      3.099e+09      6.212e+08  
       215|          13310      3.097e+09      6.210e+08  
       216|          13260      3.096e+09      6.208e+08  
       217|          13210      3.095e+09      6.206e+08  
       218|          13160      3.094e+09      6.204e+08  
       219|          13110      3.093e+09      6.203e+08  
       220|          13060      3.091e+09      6.201e+08  
       221|          13010      3.090e+09      6.199e+08  
       222|          12960      3.089e+09      6.197e+08  
       223|          12910      3.088e+09      6.195e+08  
       224|          12860      3.086e+09      6.193e+08  
       225|          12810      3.085e+09      6.191e+08  
       226|          12760      3.084e+09      6.189e+08  
       227|          12710      3.083e+09      6.188e+08  
       228|          12660      3.081e+09      6.187e+08  
       229|          12610      3.080e+09      6.185e+08  
       230|          12560      3.079e+09      6.184e+08  
       231|          12510      3.078e+09      6.183e+08  
       232|          12460      3.076e+09      6.181e+08  
       233|          12410      3.075e+09      6.180e+08  
       234|          12360      3.074e+09      6.178e+08  
       235|          12310      3.072e+09      6.176e+08  
       236|          12260      3.071e+09      6.174e+08  
       237|          12210      3.070e+09      6.173e+08  
       238|          12160      3.068e+09      6.171e+08  
       239|          12110      3.067e+09      6.169e+08  
       240|          12060      3.065e+09      6.168e+08  
       241|          12010      3.064e+09      6.166e+08  
       242|          11960      3.062e+09      6.165e+08  
       243|          11910      3.061e+09      6.163e+08  
       244|          11860      3.059e+09      6.162e+08  
       245|          11810      3.058e+09      6.160e+08  
       246|          11760      3.057e+09      6.159e+08  
       247|          11710      3.055e+09      6.157e+08  
       248|          11660      3.054e+09      6.156e+08  
       249|          11610      3.052e+09      6.154e+08  
       250|          11560      3.051e+09      6.153e+08  
       251|          11510      3.050e+09      6.151e+08  
       252|          11460      3.048e+09      6.150e+08  
       253|          11410      3.047e+09      6.148e+08  
       254|          11360      3.045e+09      6.147e+08  
       255|          11310      3.044e+09      6.145e+08  
       256|          11260      3.043e+09      6.144e+08  
       257|          11210      3.041e+09      6.142e+08  
       258|          11160      3.040e+09      6.140e+08  
       259|          11110      3.038e+09      6.138e+08  
       260|          11060      3.037e+09      6.136e+08  
       261|          11010      3.036e+09      6.133e+08  
       262|          10960      3.034e+09      6.131e+08  
       263|          10910      3.033e+09      6.129e+08  
       264|          10860      3.031e+09      6.127e+08  
       265|          10810      3.030e+09      6.125e+08  
       266|          10760      3.028e+09      6.122e+08  
       267|          10710      3.027e+09      6.120e+08  
       268|          10660      3.026e+09      6.118e+08  
       269|          10610      3.024e+09      6.116e+08  
       270|          10560      3.023e+09      6.114e+08  
       271|          10510      3.021e+09      6.111e+08  
       272|          10460      3.020e+09      6.109e+08  
       273|          10410      3.019e+09      6.107e+08  
       274|          10360      3.017e+09      6.105e+08  
       275|          10310      3.016e+09      6.103e+08  
       276|          10260      3.014e+09      6.100e+08  
       277|          10210      3.013e+09      6.098e+08  
       278|          10160      3.012e+09      6.096e+08  
       279|          10110      3.010e+09      6.094e+08  
       280|          10060      3.009e+09      6.092e+08  
       281|          10010      3.008e+09      6.089e+08  
       282|           9960      3.006e+09      6.087e+08  
       283|           9910      3.005e+09      6.085e+08  
       284|           9860      3.004e+09      6.083e+08  
       285|           9810      3.002e+09      6.081e+08  
       286|           9760      3.001e+09      6.078e+08  
       287|           9710      3.000e+09      6.076e+08  
       288|           9660      2.999e+09      6.074e+08  
       289|           9610      2.997e+09      6.072e+08  
       290|           9560      2.996e+09      6.070e+08  
       291|           9510      2.995e+09      6.067e+08  
       292|           9460      2.994e+09      6.065e+08  
       293|           9410      2.992e+09      6.063e+08  
       294|           9360      2.991e+09      6.061e+08  
       295|           9310      2.990e+09      6.059e+08  
       296|           9260      2.989e+09      6.056e+08  
       297|           9210      2.987e+09      6.054e+08  
       298|           9160      2.986e+09      6.052e+08  
       299|           9110      2.985e+09      6.050e+08  
       300|           9060      2.984e+09      6.048e+08  
       301|           9010      2.983e+09      6.046e+08  
       302|           8960      2.981e+09      6.043e+08  
       303|           8910      2.980e+09      6.041e+08  
       304|           8860      2.979e+09      6.039e+08  
       305|           8810      2.978e+09      6.037e+08  
       306|           8760      2.977e+09      6.035e+08  
       307|           8710      2.976e+09      6.032e+08  
       308|           8660      2.974e+09      6.030e+08  
       309|           8610      2.973e+09      6.028e+08  
       310|           8560      2.972e+09      6.026e+08  
       311|           8510      2.971e+09      6.024e+08  
       312|           8460      2.970e+09      6.022e+08  
       313|           8410      2.969e+09      6.019e+08  
       314|           8360      2.968e+09      6.017e+08  
       315|           8310      2.967e+09      6.015e+08  
       316|           8260      2.965e+09      6.013e+08  
       317|           8210      2.964e+09      6.011e+08  
       318|           8160      2.963e+09      6.008e+08  
       319|           8110      2.962e+09      6.006e+08  
       320|           8060      2.961e+09      6.004e+08  
       321|           8010      2.960e+09      6.002e+08  
       322|           7960      2.959e+09      6.000e+08  
       323|           7910      2.958e+09      5.998e+08  
       324|           7860      2.957e+09      5.997e+08  
       325|           7810      2.955e+09      5.995e+08  
       326|           7760      2.954e+09      5.993e+08  
       327|           7710      2.953e+09      5.992e+08  
       328|           7660      2.952e+09      5.990e+08  
       329|           7610      2.951e+09      5.989e+08  
       330|           7560      2.950e+09      5.988e+08  
       331|           7510      2.948e+09      5.987e+08  
       332|           7460      2.947e+09      5.987e+08  
       333|           7410      2.946e+09      5.986e+08  
       334|           7360      2.945e+09      5.985e+08  
       335|           7310      2.944e+09      5.984e+08  
       336|           7260      2.942e+09      5.983e+08  
       337|           7210      2.941e+09      5.983e+08  
       338|           7160      2.940e+09      5.982e+08  
       339|           7110      2.939e+09      5.981e+08  
       340|           7060      2.938e+09      5.980e+08  
       341|           7010      2.937e+09      5.979e+08  
       342|           6960      2.935e+09      5.978e+08  
       343|           6910      2.934e+09      5.977e+08  
       344|           6860      2.933e+09      5.976e+08  
       345|           6810      2.932e+09      5.974e+08  
       346|           6760      2.930e+09      5.972e+08  
       347|           6710      2.929e+09      5.969e+08  
       348|           6660      2.927e+09      5.967e+08  
       349|           6610      2.926e+09      5.964e+08  
       350|           6560      2.924e+09      5.961e+08  
       351|           6510      2.922e+09      5.957e+08  
       352|           6460      2.920e+09      5.953e+08  
       353|           6410      2.919e+09      5.949e+08  
       354|           6360      2.917e+09      5.945e+08  
       355|           6310      2.915e+09      5.942e+08  
       356|           6260      2.913e+09      5.938e+08  
       357|           6210      2.912e+09      5.934e+08  
       358|           6160      2.910e+09      5.930e+08  
       359|           6110      2.908e+09      5.926e+08  
       360|           6060      2.907e+09      5.922e+08  
       361|           6010      2.905e+09      5.918e+08  
       362|           5960      2.903e+09      5.914e+08  
       363|           5910      2.902e+09      5.910e+08  
       364|           5860      2.900e+09      5.906e+08  
       365|           5810      2.899e+09      5.902e+08  
       366|           5760      2.897e+09      5.898e+08  
       367|           5710      2.895e+09      5.895e+08  
       368|           5660      2.894e+09      5.891e+08  
       369|           5610      2.892e+09      5.887e+08  
       370|           5560      2.891e+09      5.883e+08  
       371|           5510      2.889e+09      5.879e+08  
       372|           5460      2.888e+09      5.875e+08  
       373|           5410      2.886e+09      5.871e+08  
       374|           5360      2.885e+09      5.867e+08  
       375|           5310      2.883e+09      5.863e+08  
       376|           5260      2.882e+09      5.859e+08  
       377|           5210      2.881e+09      5.855e+08  
       378|           5160      2.879e+09      5.851e+08  
       379|           5110      2.878e+09      5.848e+08  
       380|           5060      2.876e+09      5.844e+08  
       381|           5010      2.875e+09      5.840e+08  
       382|           4960      2.874e+09      5.836e+08  
       383|           4910      2.872e+09      5.832e+08  
       384|           4860      2.871e+09      5.828e+08  
       385|           4810      2.870e+09      5.824e+08  
       386|           4760      2.868e+09      5.820e+08  
       387|           4710      2.867e+09      5.816e+08  
       388|           4660      2.866e+09      5.812e+08  
       389|           4610      2.864e+09      5.809e+08  
       390|           4560      2.863e+09      5.805e+08  
       391|           4510      2.862e+09      5.801e+08  
       392|           4460      2.861e+09      5.797e+08  
       393|           4410      2.860e+09      5.793e+08  
       394|           4360      2.858e+09      5.789e+08  
       395|           4310      2.857e+09      5.785e+08  
       396|           4260      2.856e+09      5.781e+08  
       397|           4210      2.855e+09      5.777e+08  
       398|           4160      2.854e+09      5.773e+08  
       399|           4110      2.853e+09      5.770e+08  
       400|           4060      2.851e+09      5.766e+08  
       401|           4010      2.850e+09      5.762e+08  
       402|           3960      2.849e+09      5.758e+08  
       403|           3910      2.848e+09      5.754e+08  
       404|           3860      2.847e+09      5.750e+08  
       405|           3810      2.846e+09      5.746e+08  
       406|           3760      2.845e+09      5.742e+08  
       407|           3710      2.844e+09      5.738e+08  
       408|           3660      2.843e+09      5.735e+08  
       409|           3610      2.842e+09      5.731e+08  
       410|           3560      2.841e+09      5.727e+08  
       411|           3510      2.840e+09      5.723e+08  
       412|           3460      2.839e+09      5.719e+08  
       413|           3410      2.838e+09      5.715e+08  
       414|           3360      2.837e+09      5.711e+08  
       415|           3310      2.837e+09      5.708e+08  
       416|           3260      2.836e+09      5.704e+08  
       417|           3210      2.835e+09      5.700e+08  
       418|           3160      2.834e+09      5.696e+08  
       419|           3110      2.833e+09      5.692e+08  
       420|           3060      2.832e+09      5.688e+08  
       421|           3010      2.832e+09      5.684e+08  
       422|           2960      2.831e+09      5.681e+08  
       423|           2910      2.830e+09      5.677e+08  
       424|           2860      2.829e+09      5.673e+08  
       425|           2810      2.828e+09      5.669e+08  
       426|           2760      2.828e+09      5.665e+08  
       427|           2710      2.827e+09      5.661e+08  
       428|           2660      2.826e+09      5.657e+08  
       429|           2610      2.826e+09      5.654e+08  
       430|           2560      2.825e+09      5.650e+08  
       431|           2510      2.824e+09      5.646e+08  
       432|           2460      2.824e+09      5.642e+08  
       433|           2410      2.823e+09      5.638e+08  
       434|           2360      2.822e+09      5.634e+08  
       435|           2310      2.822e+09      5.631e+08  
       436|           2260      2.821e+09      5.627e+08  
       437|           2210      2.821e+09      5.623e+08  
       438|           2160      2.820e+09      5.619e+08  
       439|           2110      2.820e+09      5.615e+08  
       440|           2060      2.819e+09      5.612e+08  
       441|           2010      2.819e+09      5.608e+08  
       442|           1960      2.818e+09      5.604e+08  
       443|           1910      2.818e+09      5.600e+08  
       444|           1860      2.817e+09      5.597e+08  
       445|           1810      2.817e+09      5.593e+08  
       446|           1760      2.816e+09      5.589e+08  
       447|           1710      2.816e+09      5.585e+08  
       448|           1660      2.815e+09      5.581e+08  
       449|           1610      2.814e+09      5.578e+08  
       450|           1560      2.814e+09      5.574e+08  
       451|           1510      2.814e+09      5.571e+08  
       452|           1460      2.813e+09      5.567e+08  
       453|           1410      2.812e+09      5.564e+08  
       454|           1360      2.812e+09      5.560e+08  
       455|           1310      2.811e+09      5.556e+08  
       456|           1260      2.811e+09      5.552e+08  
       457|           1210      2.810e+09      5.548e+08  
       458|           1160      2.810e+09      5.544e+08  
       459|           1110      2.809e+09      5.540e+08  
       460|           1060      2.808e+09      5.535e+08  
       461|           1010      2.808e+09      5.531e+08  
       462|            960      2.807e+09      5.527e+08  
       463|            910      2.807e+09      5.522e+08  
       464|            860      2.806e+09      5.518e+08  
       465|            810      2.806e+09      5.514e+08  
       466|            760      2.806e+09      5.509e+08  
       467|            710      2.805e+09      5.504e+08  
       468|            660      2.805e+09      5.499e+08  
       469|            610      2.804e+09      5.494e+08  
       470|            560      2.804e+09      5.489e+08  
       471|            510      2.804e+09      5.484e+08  
       472|            460      2.803e+09      5.479e+08  
       473|            410      2.803e+09      5.474e+08  
       474|            360      2.803e+09      5.469e+08  
       475|            310      2.803e+09      5.464e+08  
       476|            260      2.803e+09      5.459e+08  
       477|            210      2.802e+09      5.455e+08  
       478|            160      2.802e+09      5.450e+08  
       479|            110      2.802e+09      5.446e+08  
       480|             60      2.802e+09      5.441e+08  *
       481|             10      2.802e+09      5.437e+08  
* lopt = the lambda that minimizes MSPE.
  Run model: cvlasso, lopt
^ lse = largest lambda for which MSPE is within one standard error of the minimal MSPE.
  Run model: cvlasso, lse

.         /* Reusing the folds from the first run */
. 
. local lbaseRMSE = sqrt(e(mspemin))

. display "Baseline - Lasso CV " `lbaseRMSE'
Baseline - Lasso CV 52937.117

. 
. cvlasso, plotcv /* Cross validation plot */

. gr_edit .legend.draw_view.setstyle, style(no)

. graph export ..\Slides\figures\Stata_LassoBasicCV.png , replace
file ..\Slides\figures\Stata_LassoBasicCV.png saved as PNG format

. graph close

.         
. * Store the model.
. est store cv_lasso_base

. * get the predictions (in-sample and out-of-sample)
. predict yhat_lasso_base, lopt
Estimate  with lambda=60 (lopt).

---------------------------------------------------
         Selected |           Lasso   Post-est OLS
------------------+--------------------------------
             e401 |    4156.3582504   4297.9028403
              age |   40421.8072598  40437.1907718
              inc |  235139.3060230 236003.1700406
             educ |  -12886.4194653 -13548.4820715
            fsize |  -12875.7702566 -14114.9567227
             marr |     423.4951384    802.4907393
          twoearn |  -19362.5903629 -19730.5610996
               db |   -3766.7683866  -3892.5016191
             pira |   27900.0985788  27959.4329523
             hown |    1302.2045759   1374.1731132
------------------+--------------------------------
   Partialled-out*|
------------------+--------------------------------
            _cons |  -31909.5171315 -31458.0592598
---------------------------------------------------
No xb or residuals options specified. Assume xb (fitted values).
Use e(b) from previous lasso2 estimation (lambda=60).

. 
. * OLS 5-fold CV on the same folds as the Lasso (fvar)
. gen ols_sqres_base = .
(9,915 missing values generated)

. forvalues k = 1/5 {
  2.         qui reg net_tfa e401 age inc educ fsize marr twoearn db pira hown ///
>                 if trdata & fvar != `k'
  3.         tempvar yhat_k
  4.         qui predict `yhat_k'
  5.         qui replace ols_sqres_base = (net_tfa - `yhat_k')^2 if trdata & fvar == `k'
  6. }

. qui sum ols_sqres_base if trdata

. local mspebase = sqrt(r(mean))

. display "Baseline - OLS CV " `mspebase'
Baseline - OLS CV 52935.791

. drop ols_sqres_base

. 
. *** Polynomial model
. * Lasso
. cvlasso net_tfa e401 age age2 age3 age4 age5 age6 inc inc2 inc3 inc4 inc5 ///
>         inc6 inc7 inc8 educ educ2 educ3 educ4 fsize fsize2 marr twoearn db pira hown ///
>         if trdata, lglmnet foldvar(fvar) plotcv
Use user-specified fold variable.

K-fold cross-validation with 5 folds. Elastic net with alpha=1.
Fold 1 2 3 4 5 
          |         Lambda           MSPE       st. dev.
----------+---------------------------------------------
         1|      29207.769      3.438e+09      6.407e+08  
         2|      26613.031      3.340e+09      6.133e+08  
         3|      24248.803      3.259e+09      5.905e+08  
         4|      22094.606      3.176e+09      5.724e+08  
         5|      20131.782      3.088e+09      5.560e+08  
         6|       18343.33      3.015e+09      5.421e+08  
         7|      16713.759      2.954e+09      5.305e+08  
         8|      15228.955      2.902e+09      5.206e+08  ^
         9|      13876.056      2.859e+09      5.120e+08  
        10|      12643.346      2.814e+09      5.010e+08  
        11|      11520.146      2.762e+09      4.876e+08  
        12|      10496.728      2.715e+09      4.775e+08  
        13|      9564.2274      2.677e+09      4.707e+08  
        14|      8714.5678      2.648e+09      4.662e+08  
        15|      7940.3896      2.627e+09      4.630e+08  
        16|      7234.9873      2.611e+09      4.614e+08  
        17|       6592.251      2.599e+09      4.600e+08  
        18|      6006.6135      2.589e+09      4.589e+08  
        19|      5473.0026      2.585e+09      4.592e+08  
        20|      4986.7961      2.583e+09      4.606e+08  
        21|      4543.7829      2.581e+09      4.636e+08  
        22|      4140.1257      2.576e+09      4.653e+08  
        23|      3772.3284      2.573e+09      4.666e+08  
        24|      3437.2051      2.571e+09      4.682e+08  
        25|      3131.8533      2.571e+09      4.697e+08  
        26|      2853.6281      2.571e+09      4.715e+08  
        27|      2600.1196      2.572e+09      4.732e+08  
        28|      2369.1322      2.574e+09      4.750e+08  
        29|       2158.665      2.576e+09      4.767e+08  
        30|      1966.8951      2.578e+09      4.784e+08  
        31|      1792.1616      2.581e+09      4.800e+08  
        32|      1632.9509      2.583e+09      4.815e+08  
        33|       1487.884      2.586e+09      4.830e+08  
        34|      1355.7045      2.589e+09      4.844e+08  
        35|      1235.2675      2.592e+09      4.857e+08  
        36|      1125.5297      2.594e+09      4.869e+08  
        37|      1025.5408      2.596e+09      4.881e+08  
        38|      934.43454      2.599e+09      4.892e+08  
        39|      851.42195      2.601e+09      4.901e+08  
        40|      775.78397      2.602e+09      4.910e+08  
        41|      706.86546      2.604e+09      4.918e+08  
        42|      644.06948      2.606e+09      4.926e+08  
        43|      586.85212      2.607e+09      4.934e+08  
        44|       534.7178      2.609e+09      4.940e+08  
        45|      487.21494      2.610e+09      4.946e+08  
        46|      443.93211      2.611e+09      4.952e+08  
        47|      404.49441      2.613e+09      4.956e+08  
        48|      368.56024      2.614e+09      4.961e+08  
        49|      335.81836      2.615e+09      4.964e+08  
        50|      305.98518      2.616e+09      4.965e+08  
        51|       278.8023      2.618e+09      4.966e+08  
        52|      254.03428      2.619e+09      4.968e+08  
        53|      231.46657      2.620e+09      4.970e+08  
        54|      210.90372      2.621e+09      4.972e+08  
        55|      192.16761      2.622e+09      4.973e+08  
        56|      175.09597      2.622e+09      4.974e+08  
        57|      159.54093      2.623e+09      4.975e+08  
        58|      145.36775      2.624e+09      4.976e+08  
        59|      132.45368      2.625e+09      4.976e+08  
        60|      120.68686      2.626e+09      4.976e+08  
        61|      109.96537      2.626e+09      4.976e+08  
        62|      100.19635      2.627e+09      4.975e+08  
        63|      91.295185      2.628e+09      4.974e+08  
        64|      83.184772      2.628e+09      4.973e+08  
        65|      75.794866      2.637e+09      5.016e+08  
        66|      69.061459      2.644e+09      5.059e+08  
        67|       62.92623      2.652e+09      5.098e+08  
        68|      57.336037      2.614e+09      4.887e+08  
        69|      52.242461      2.616e+09      4.893e+08  
        70|      47.601385      2.622e+09      4.925e+08  
        71|      43.372609      2.578e+09      4.710e+08  
        72|      39.519506      2.545e+09      4.573e+08  
        73|      36.008702      2.528e+09      4.510e+08  
        74|      32.809788      2.512e+09      4.452e+08  
        75|      29.895057      2.503e+09      4.426e+08  *
        76|      27.239263      2.504e+09      4.433e+08  
        77|      24.819402      2.510e+09      4.453e+08  
        78|      22.614514      2.530e+09      4.523e+08  
        79|      20.605503      2.559e+09      4.638e+08  
        80|      18.774967      2.595e+09      4.802e+08  
        81|      17.107051      2.636e+09      5.011e+08  
        82|      15.587308      2.680e+09      5.263e+08  
        83|      14.202574      2.726e+09      5.552e+08  
        84|      12.940857      2.774e+09      5.872e+08  
        85|      11.791227      2.822e+09      6.213e+08  
        86|      10.743726      2.870e+09      6.571e+08  
        87|      9.7892834      2.917e+09      6.939e+08  
        88|      8.9196305      2.963e+09      7.312e+08  
        89|      8.1272351      3.010e+09      7.701e+08  
        90|      7.4052339      3.060e+09      8.124e+08  
        91|      6.7473734      3.124e+09      8.680e+08  
        92|      6.1479553      3.194e+09      9.282e+08  
        93|      5.6017879      3.271e+09      9.966e+08  
        94|      5.1041405      3.350e+09      1.067e+09  
        95|      4.6507027      3.430e+09      1.141e+09  
        96|      4.2375471      3.513e+09      1.217e+09  
        97|      3.8610951      3.598e+09      1.296e+09  
        98|      3.5180861      3.686e+09      1.378e+09  
        99|       3.205549      3.777e+09      1.463e+09  
       100|      2.9207769      3.871e+09      1.552e+09  
* lopt = the lambda that minimizes MSPE.
  Run model: cvlasso, lopt
^ lse = largest lambda for which MSPE is within one standard error of the minimal MSPE.
  Run model: cvlasso, lse

. gr_edit .legend.draw_view.setstyle, style(no)   

. graph export ..\Slides\figures\Stata_LassoPolyCV.png , replace
file ..\Slides\figures\Stata_LassoPolyCV.png saved as PNG format

. graph close

. 
. local lpolyRMSE = sqrt(e(mspemin))

. display "Polynomial - Lasso CV " `lpolyRMSE'
Polynomial - Lasso CV 50028.296

. 
. * Store the model.
. est store cv_lasso_poly

. * get the predictions (in-sample and out-of-sample)
. predict yhat_lasso_poly, lopt
Estimate  with lambda=29.895 (lopt).
Warning: reached max shooting iterations w/o achieving convergence.

---------------------------------------------------
         Selected |           Lasso   Post-est OLS
------------------+--------------------------------
             e401 |    7610.0211064   7672.0621058
             age2 |    1871.7937945   6006.8773030
             age3 |    9067.2622189   2877.5596976
             age6 |   20671.4397598  23019.3707015
              inc |   37800.6496345-164313.8647712
             inc2 |  492118.28183591790484.4220195
             inc3 | -817878.3106191 -3.1906037e+06
             inc6 | 4335320.64974278687639.4772883
             inc8 |  -2.6187551e+06 -5.8507379e+06
             educ |  -21128.1373258 -27309.2895112
            educ2 |   16860.5241508  21201.7257623
            fsize |   -4146.3557644  -6469.1538785
           fsize2 |   -5275.3927321  -3499.7316863
             marr |    1820.5667689   2306.8701202
          twoearn |  -14421.9112080 -14830.5870622
               db |   -2676.7969445  -2530.3483183
             pira |   29467.1515197  29332.0118972
             hown |    4033.4279205   4128.3308230
------------------+--------------------------------
   Partialled-out*|
------------------+--------------------------------
            _cons |   -5702.3782221   4343.7933323
---------------------------------------------------
No xb or residuals options specified. Assume xb (fitted values).
Use e(b) from previous lasso2 estimation (lambda=29.89505716038).

. 
. * OLS 5-fold CV on the same folds as the Lasso (fvar)
. gen ols_sqres_poly = .
(9,915 missing values generated)

. forvalues k = 1/5 {
  2.         qui reg net_tfa e401 age age2 age3 age4 age5 age6 inc inc2 inc3 inc4 inc5 ///
>                 inc6 inc7 inc8 educ educ2 educ3 educ4 fsize fsize2 marr twoearn db pira hown ///
>                 if trdata & fvar != `k'
  3.         tempvar yhat_k
  4.         qui predict `yhat_k'
  5.         qui replace ols_sqres_poly = (net_tfa - `yhat_k')^2 if trdata & fvar == `k'
  6. }

. qui sum ols_sqres_poly if trdata

. local mspepoly = sqrt(r(mean))

. display "Polynomial - OLS CV " `mspepoly'
Polynomial - OLS CV 168008.06

. drop ols_sqres_poly

. 
. *** Interaction model
. * Lasso
. *** Takes forever to run
. * cvlasso net_tfa /// 
>         c.(e401 age age2 age3 age4 age5 age6 inc inc2 inc3 inc4 inc5 inc6 inc7 ///
>         inc8 educ educ2 educ3 educ4 fsize fsize2 marr twoearn db pira hown)## ///
>         c.(e401 age age2 age3 age4 age5 age6 inc inc2 inc3 inc4 inc5 inc6 inc7 ///
>         inc8 educ educ2 educ3 educ4 fsize fsize2 marr twoearn db pira hown) ///
>         if trdata, lglmnet foldvar(fvar) plotcv 
. *** penalty parameter range chosen based on commented out run to get similar 
. * results with a much coarser grid
. cvlasso net_tfa ///
>         c.(e401 age age2 age3 age4 age5 age6 inc inc2 inc3 inc4 inc5 inc6 inc7 ///
>         inc8 educ educ2 educ3 educ4 fsize fsize2 marr twoearn db pira hown)## ///
>         c.(e401 age age2 age3 age4 age5 age6 inc inc2 inc3 inc4 inc5 inc6 inc7 ///
>         inc8 educ educ2 educ3 educ4 fsize fsize2 marr twoearn db pira hown) ///
>         if trdata, lglmnet foldvar(fvar) plotcv lambda(32500(2500)5000)
Use user-specified fold variable.

K-fold cross-validation with 5 folds. Elastic net with alpha=1.
Fold 1 2 3 4 5 
          |         Lambda           MSPE       st. dev.
----------+---------------------------------------------
         1|          32500      3.351e+09      6.325e+08  
         2|          30000      3.246e+09      6.095e+08  
         3|          27500      3.148e+09      5.888e+08  
         4|          25000      3.053e+09      5.686e+08  
         5|          22500      2.953e+09      5.439e+08  ^
         6|          20000      2.859e+09      5.239e+08  
         7|          17500      2.769e+09      5.052e+08  
         8|          15000      2.681e+09      4.888e+08  
         9|          12500      2.610e+09      4.761e+08  
        10|          10000      2.550e+09      4.673e+08  
        11|           7500      2.528e+09      4.791e+08  *
        12|           5000      2.555e+09      5.300e+08  
* lopt = the lambda that minimizes MSPE.
  Run model: cvlasso, lopt
^ lse = largest lambda for which MSPE is within one standard error of the minimal MSPE.
  Run model: cvlasso, lse

. gr_edit .legend.draw_view.setstyle, style(no)   

. graph export ..\Slides\figures\Stata_LassoIntCV.png , replace
file ..\Slides\figures\Stata_LassoIntCV.png saved as PNG format

. graph close

. 
. local lintRMSE = sqrt(e(mspemin))

. display "Interactions - Lasso CV " `lintRMSE'
Interactions - Lasso CV 50275.922

. 
. * Store the model.
. est store cv_lasso_int

. * get the predictions (in-sample and out-of-sample)
. predict yhat_lasso_int, lopt
Estimate  with lambda=7500 (lopt).

---------------------------------------------------
         Selected |           Lasso   Post-est OLS
------------------+--------------------------------
     c.age2#c.inc |   24725.9352583 292656.2964165
                  |
    c.age2#c.pira |   10505.8819705 -28965.4533008
                  |
    c.age3#c.inc2 |   82192.3088479 -1.4939113e+06
                  |
    c.age3#c.inc3 | 1146967.42961712936084.7462107
                  |
    c.age3#c.pira |    9591.8210546  77057.6162373
                  |
     c.inc#c.pira |   62234.2455978  82825.3601620
                  |
    c.inc2#c.hown |    5183.2242396  84723.2639808
------------------+--------------------------------
   Partialled-out*|
------------------+--------------------------------
                  |
            _cons |    5764.7086613  -5694.5589362
---------------------------------------------------
No xb or residuals options specified. Assume xb (fitted values).
Use e(b) from previous lasso2 estimation (lambda=7500).

. 
. * OLS 5-fold CV on the same folds as the Lasso (fvar)
. * With p=257 and ~6300 obs per training fold, OLS is identified but
. * overfits badly --- expect the holdout RMSE to be enormous.
. gen ols_sqres_int = .
(9,915 missing values generated)

. forvalues k = 1/5 {
  2.         qui reg net_tfa ///
>                 c.(e401 age age2 age3 age4 age5 age6 inc inc2 inc3 inc4 inc5 inc6 inc7 ///
>                 inc8 educ educ2 educ3 educ4 fsize fsize2 marr twoearn db pira hown)## ///
>                 c.(e401 age age2 age3 age4 age5 age6 inc inc2 inc3 inc4 inc5 inc6 inc7 ///
>                 inc8 educ educ2 educ3 educ4 fsize fsize2 marr twoearn db pira hown) ///
>                 if trdata & fvar != `k'
  3.         tempvar yhat_k
  4.         qui predict `yhat_k'
  5.         qui replace ols_sqres_int = (net_tfa - `yhat_k')^2 if trdata & fvar == `k'
  6. }

. qui sum ols_sqres_int if trdata

. local mspeint = sqrt(r(mean))

. display "Interactions - OLS CV " `mspeint'
Interactions - OLS CV 9233934.4

. drop ols_sqres_int

.         
. 
. ****************************************************************************
. * Out of sample R^2
. gen r2_ols_base = (net_tfa - yhat_ols_base)^2

. gen r2_ols_poly = (net_tfa - yhat_ols_poly)^2

. gen r2_ols_int = (net_tfa - yhat_ols_int)^2

. 
. gen r2_lasso_base = (net_tfa - yhat_lasso_base)^2

. gen r2_lasso_poly = (net_tfa - yhat_lasso_poly)^2

. gen r2_lasso_int = (net_tfa - yhat_lasso_int)^2

. 
. * Constant model
. qui reg net_tfa if trdata

. predict yhat_constant   
(option xb assumed; fitted values)

. gen r2_constant = (net_tfa - yhat_constant)^2

. 
. * Get R^2s
. qui sum r2_constant if !trdata

. local tssOut = r(mean)

. 
. qui sum r2_ols_base if !trdata

. local essOut_ols_base = r(mean)

. local r2Out_ols_base = 1-(`essOut_ols_base'/`tssOut')

. qui sum r2_ols_poly if !trdata

. local essOut_ols_poly = r(mean)

. local r2Out_ols_poly = 1-(`essOut_ols_poly'/`tssOut')

. qui sum r2_ols_int if !trdata

. local essOut_ols_int = r(mean)

. local r2Out_ols_int = 1-(`essOut_ols_int'/`tssOut')

. 
. display "OLS & " `r2Out_ols_base' " & " `r2Out_ols_poly' " & " `r2Out_ols_int' " \\"
OLS & .19463161 & .18139205 & .01252369 \\

. 
. qui sum r2_lasso_base if !trdata

. local essOut_lasso_base = r(mean)

. local r2Out_lasso_base = 1-(`essOut_lasso_base'/`tssOut')

. qui sum r2_lasso_poly if !trdata

. local essOut_lasso_poly = r(mean)

. local r2Out_lasso_poly = 1-(`essOut_lasso_poly'/`tssOut')

. qui sum r2_lasso_int if !trdata

. local essOut_lasso_int = r(mean)

. local r2Out_lasso_int = 1-(`essOut_lasso_int'/`tssOut')

. 
. display "Lasso & " `r2Out_lasso_base' " & " `r2Out_lasso_poly' " & " `r2Out_lasso_int' " \\"
Lasso & .19453121 & .19188643 & .17746207 \\

. 
. *****************************************************************************
. log close
      name:  <unnamed>
       log:  C:\Users\chansen1\Documents\GitHub\ML_SocSci_short\Stata Code\401kHDLMs.txt
  log type:  text
 closed on:  15 Jun 2026, 18:15:14
------------------------------------------------------------------------------------------------------------
